[
    {
        "index": 0,
        "center": [
            -0.4860313839732684,
            0.059885535487653296
        ],
        "vertices": [
            [
                -0.15585816529641866,
                0.5
            ],
            [
                -0.22717553202690988,
                -0.14913311041694652
            ],
            [
                -0.5,
                -0.1720745309565865
            ],
            [
                -0.5,
                0.5
            ],
            [
                -0.15585816529641866,
                0.5
            ]
        ],
        "neighbors": [
            2,
            5,
            1
        ]
    },
    {
        "index": 1,
        "center": [
            -0.4474910568176581,
            -0.39844459422554446
        ],
        "vertices": [
            [
                -0.5,
                -0.1720745309565865
            ],
            [
                -0.22717553202690988,
                -0.14913311041694652
            ],
            [
                -0.14910750110554555,
                -0.25103233256921886
            ],
            [
                -0.06416342197656683,
                -0.5
            ],
            [
                -0.5,
                -0.5
            ],
            [
                -0.5,
                -0.1720745309565865
            ]
        ],
        "neighbors": [
            0,
            2,
            3
        ]
    },
    {
        "index": 2,
        "center": [
            0.07088598003352464,
            -0.0013004974693463511
        ],
        "vertices": [
            [
                0.277297087263668,
                -0.004801429020581172
            ],
            [
                -0.14910750110554555,
                -0.25103233256921886
            ],
            [
                -0.22717553202690988,
                -0.14913311041694652
            ],
            [
                -0.15585816529641866,
                0.5
            ],
            [
                -0.06002502461352359,
                0.5
            ],
            [
                0.15831271223112015,
                0.3347190050671236
            ],
            [
                0.277297087263668,
                -0.004801429020581172
            ]
        ],
        "neighbors": [
            0,
            1,
            4,
            5,
            3
        ]
    },
    {
        "index": 3,
        "center": [
            0.17715270197061472,
            -0.1853253991851459
        ],
        "vertices": [
            [
                -0.06416342197656683,
                -0.5
            ],
            [
                -0.14910750110554555,
                -0.25103233256921886
            ],
            [
                0.277297087263668,
                -0.004801429020581172
            ],
            [
                0.5,
                -0.18976339930838487
            ],
            [
                0.5,
                -0.5
            ],
            [
                -0.06416342197656683,
                -0.5
            ]
        ],
        "neighbors": [
            1,
            4,
            2
        ]
    },
    {
        "index": 4,
        "center": [
            0.43636806963718666,
            0.12678209683438235
        ],
        "vertices": [
            [
                0.5,
                -0.18976339930838487
            ],
            [
                0.277297087263668,
                -0.004801429020581172
            ],
            [
                0.15831271223112015,
                0.3347190050671236
            ],
            [
                0.5,
                0.3154445207624463
            ],
            [
                0.5,
                -0.18976339930838487
            ]
        ],
        "neighbors": [
            5,
            3,
            2
        ]
    },
    {
        "index": 5,
        "center": [
            0.4579890204474607,
            0.510066231681723
        ],
        "vertices": [
            [
                0.5,
                0.3154445207624463
            ],
            [
                0.15831271223112015,
                0.3347190050671236
            ],
            [
                -0.06002502461352359,
                0.5
            ],
            [
                0.5,
                0.5
            ],
            [
                0.5,
                0.3154445207624463
            ]
        ],
        "neighbors": [
            0,
            4,
            2
        ]
    }
]